5143116652480814
5143412388135444
5143412324436921
5143412265714349
5143412260997664
5143366841140243
5143365381788109
5143412102399147
5143161840076269
5143321519066387
5143411532239424
5143411322521012
5143339100801270
5143371087086024
5143410601628671
5143361859358460
5143103531648362
5143410265818361
5143410160959677
5143410139729720
5143409003596771
5143045008263651
5143387766260459
5143387413941135
5143355174159557
5143106728236422
5143053446939548
5143301456921563
5143404955831037
5143121668342572
5143054302315289
5143377881865648
5143399078300053
5143135378477448
5143369728395591
5143148083282388
5143396295117264
5143117352670686
5143396008858082
5141825749256072
5143319022928109
5143034750042980
5143371564975306
5143285431013457
5143074343225581
5143373757549529
5143400525333972
5143073895745798
5143054302315289
5143399078300053
5143135378477448
5143369728395591
5143148083282388
5143396295117264
5143117352670686
5143396008858082
5141825749256072
5143300495640310
5143373520044962
5143393722698651
5143105301647253
5143385091869308
5143099144929819
5143134338023880
5143365605133703
5143362992345347
5143372721294646
5143381189592622
5143099387941477
5143122225660408
5143373016733018
5143372725489793
5143113115369565
5143372436082666
5143372416945013
5143372264114681
5143114537244355
5143054772601054
5143371933810750
5143371731697961
5143122225660408
5143380797162355
5143146620518733
5143001861981149
5143378662001768
5143104261458496
5143371266133940
5143377867704624
5143098142494799
5143264757022852
5143368813251309
5143125677053739
5143373016733018
5143113115369565
5143372436082666
5143372264114681
5143114537244355
5143054772601054
5143371933810750
5143371731697961
